100.000000
100.411858
101.305229
102.132492
102.462402
102.132492
101.305229
100.411858
100.000000
100.411858
101.305229
102.132492
102.462402
102.132492
101.305229
100.411858
100.000000
100.411858
101.305229
102.132492
102.462402
102.132492
101.305229
100.411858
100.000000
100.411858
101.305229
102.132492
102.462402
102.132492
101.305229
100.411858
100.000000
100.411858
101.305229
102.132492
102.462402
102.132492
101.305229
100.411858
100.000000
100.411858
101.305229
102.132492
102.462402
102.132492
101.305229
100.411858
100.000000
100.411858
101.305229
102.132492
102.462402
102.132492
101.305229
100.411858
100.000000
100.411858
101.305229
102.132492
102.462402
102.132492
101.305229
100.411858
100.000000
100.411858
101.305229
102.132492
102.462402
102.132492
101.305229
100.411858
100.000000
100.411858
101.305229
102.132492
102.462402
102.132492
101.305229
100.411858
100.000000
100.411858
101.305229
102.132492
102.462402
102.132492
101.305229
100.411858
100.000000
100.411858
101.305229
102.132492
102.462402
102.132492
101.305229
100.411858
100.000000
100.411858
101.305229
102.132492
102.462402
102.132492
101.305229
100.411858
100.000000
100.349442
100.815712
100.607521
99.354713
97.379837
95.747429
96.054192
100.000000
108.730499
122.052773
138.729462
156.801300
173.945633
187.910233
196.925156
200.000000
196.925156
187.910233
173.945633
156.801300
138.729462
122.052773
108.730499
100.000000
96.054192
95.747429
97.379837
99.354713
100.607521
100.815712
100.349442
100.000000
100.411858
101.305229
102.132492
102.462402
102.132492
101.305229
100.411858
100.000000
100.411858
101.305229
102.132492
102.462402
102.132492
101.305229
100.411858
100.000000
100.411858
101.305229
102.132492
102.462402
102.132492
101.305229
100.411858
100.000000
100.411858
101.305229
102.132492
102.462402
102.132492
101.305229
100.411858
100.000000
100.411858
101.305229
102.132492
102.462402
102.132492
101.305229
100.411858
100.000000
100.411858
101.305229
102.132492
102.462402
102.132492
101.305229
100.411858
100.000000
100.411858
101.305229
102.132492
102.462402
102.132492
101.305229
100.411858
100.000000
100.411858
101.305229
102.132492
102.462402
102.132492
101.305229
100.411858
100.000000
100.411858
101.305229
102.132492
102.462402
102.132492
101.305229
100.411858
100.000000
100.411858
101.305229
102.132492
102.462402
102.132492
101.305229
100.411858
100.000000
100.411858
101.305229
102.132492
102.462402
102.132492
101.305229
100.411858
100.000000
100.411858
101.305229
102.132492
102.462402
102.132492
101.305229
100.411858
100.000000
100.411858
101.305229
102.132492
102.462402
102.132492
101.305229
100.411858
100.000000
100.411858
101.305229
102.132492
102.462402
102.132492
101.305229
100.411858
100.000000
100.411858
101.305229
102.132492
102.462402
102.132492
101.305229
100.411858
