100.000000
100.318825
101.007072
101.642143
101.894966
101.642143
101.007072
100.318825
100.000000
100.318825
101.007072
101.642143
101.894966
101.642143
101.007072
100.318825
100.000000
100.318825
101.007072
101.642143
101.894966
101.642143
101.007072
100.318825
100.000000
100.318825
101.007072
101.642143
101.894966
101.642143
101.007072
100.318825
100.000000
100.318825
101.007072
101.642143
101.894966
101.642143
101.007072
100.318825
100.000000
100.318825
101.007072
101.642143
101.894966
101.642143
101.007072
100.318825
100.000000
100.318825
101.007072
101.642143
101.894966
101.642143
101.007072
100.318825
100.000000
100.318825
101.007072
101.642143
101.894966
101.642143
101.007072
100.318825
100.000000
100.318825
101.007072
101.642143
101.894966
101.642143
101.007072
100.318825
100.000000
100.318825
101.007072
101.642143
101.894966
101.642143
101.007072
100.318825
100.000000
100.318825
101.007072
101.642143
101.894966
101.642143
101.007072
100.318825
100.000000
100.318825
101.007072
101.642143
101.894966
101.642143
101.007072
100.318825
100.000000
100.318825
101.007072
101.642143
101.894966
101.642143
101.007072
100.318825
100.000000
99.888489
99.216560
97.703217
95.526527
93.408607
92.534599
94.309319
100.000000
110.252907
124.541740
141.492477
159.210876
175.606430
188.742477
197.143402
200.000000
197.143402
188.742477
175.606430
159.210876
141.492477
124.541740
110.252907
100.000000
94.309319
92.534599
93.408607
95.526527
97.703217
99.216560
99.888489
100.000000
100.318825
101.007072
101.642143
101.894966
101.642143
101.007072
100.318825
100.000000
100.318825
101.007072
101.642143
101.894966
101.642143
101.007072
100.318825
100.000000
100.318825
101.007072
101.642143
101.894966
101.642143
101.007072
100.318825
100.000000
100.318825
101.007072
101.642143
101.894966
101.642143
101.007072
100.318825
100.000000
100.318825
101.007072
101.642143
101.894966
101.642143
101.007072
100.318825
100.000000
100.318825
101.007072
101.642143
101.894966
101.642143
101.007072
100.318825
100.000000
100.318825
101.007072
101.642143
101.894966
101.642143
101.007072
100.318825
100.000000
100.318825
101.007072
101.642143
101.894966
101.642143
101.007072
100.318825
100.000000
100.318825
101.007072
101.642143
101.894966
101.642143
101.007072
100.318825
100.000000
100.318825
101.007072
101.642143
101.894966
101.642143
101.007072
100.318825
100.000000
100.318825
101.007072
101.642143
101.894966
101.642143
101.007072
100.318825
100.000000
100.318825
101.007072
101.642143
101.894966
101.642143
101.007072
100.318825
100.000000
100.318825
101.007072
101.642143
101.894966
101.642143
101.007072
100.318825
100.000000
100.318825
101.007072
101.642143
101.894966
101.642143
101.007072
100.318825
100.000000
100.318825
101.007072
101.642143
101.894966
101.642143
101.007072
100.318825
