100.000000
99.902634
100.334747
100.841034
101.056023
100.841034
100.334747
99.902634
100.000000
99.902634
100.334747
100.841034
101.056023
100.841034
100.334747
99.902634
100.000000
99.902634
100.334747
100.841034
101.056023
100.841034
100.334747
99.902634
100.000000
99.902634
100.334747
100.841034
101.056023
100.841034
100.334747
99.902634
100.000000
99.902634
100.334747
100.841034
101.056023
100.841034
100.334747
99.902634
100.000000
99.902634
100.334747
100.841034
101.056023
100.841034
100.334747
99.902634
100.000000
99.902634
100.334747
100.841034
101.056023
100.841034
100.334747
99.902634
100.000000
99.902634
100.334747
100.841034
101.056023
100.841034
100.334747
99.902634
100.000000
99.902634
100.334747
100.841034
101.056023
100.841034
100.334747
99.902634
100.000000
99.902634
100.334747
100.841034
101.056023
100.841034
100.334747
99.902634
100.000000
99.902634
100.334747
100.841034
101.056023
100.841034
100.334747
99.902634
100.000000
99.902634
100.334747
100.841034
101.056023
100.841034
100.334747
99.902634
100.000000
99.902634
100.334747
100.841034
101.056023
100.841034
100.334747
99.902634
100.000000
99.325478
98.855453
97.990288
96.499290
94.757584
93.781059
95.027359
100.000000
108.669495
121.823326
138.274460
156.140762
173.182831
187.213882
196.490829
200.000000
196.490829
187.213882
173.182831
156.140762
138.274460
121.823326
108.669495
100.000000
95.027359
93.781059
94.757584
96.499290
97.990288
98.855453
99.325478
100.000000
99.902634
100.334747
100.841034
101.056023
100.841034
100.334747
99.902634
100.000000
99.902634
100.334747
100.841034
101.056023
100.841034
100.334747
99.902634
100.000000
99.902634
100.334747
100.841034
101.056023
100.841034
100.334747
99.902634
100.000000
99.902634
100.334747
100.841034
101.056023
100.841034
100.334747
99.902634
100.000000
99.902634
100.334747
100.841034
101.056023
100.841034
100.334747
99.902634
100.000000
99.902634
100.334747
100.841034
101.056023
100.841034
100.334747
99.902634
100.000000
99.902634
100.334747
100.841034
101.056023
100.841034
100.334747
99.902634
100.000000
99.902634
100.334747
100.841034
101.056023
100.841034
100.334747
99.902634
100.000000
99.902634
100.334747
100.841034
101.056023
100.841034
100.334747
99.902634
100.000000
99.902634
100.334747
100.841034
101.056023
100.841034
100.334747
99.902634
100.000000
99.902634
100.334747
100.841034
101.056023
100.841034
100.334747
99.902634
100.000000
99.902634
100.334747
100.841034
101.056023
100.841034
100.334747
99.902634
100.000000
99.902634
100.334747
100.841034
101.056023
100.841034
100.334747
99.902634
100.000000
99.902634
100.334747
100.841034
101.056023
100.841034
100.334747
99.902634
100.000000
99.902634
100.334747
100.841034
101.056023
100.841034
100.334747
99.902634
