100.000000
95.638474
84.345779
73.277969
68.754936
73.277969
84.345779
95.638474
100.000000
95.638474
84.345779
73.277969
68.754936
73.277969
84.345779
95.638474
100.000000
95.638474
84.345779
73.277969
68.754936
73.277969
84.345779
95.638474
100.000000
95.638474
84.345779
73.277969
68.754936
73.277969
84.345779
95.638474
100.000000
95.638474
84.345779
73.277969
68.754936
73.277969
84.345779
95.638474
100.000000
95.638474
84.345779
73.277969
68.754936
73.277969
84.345779
95.638474
100.000000
95.638474
84.345779
73.277969
68.754936
73.277969
84.345779
95.638474
100.000000
95.638474
84.345779
73.277969
68.754936
73.277969
84.345779
95.638474
100.000000
95.638474
84.345779
73.277969
68.754936
73.277969
84.345779
95.638474
100.000000
95.638474
84.345779
73.277969
68.754936
73.277969
84.345779
95.638474
100.000000
95.638474
84.345779
73.277969
68.754936
73.277969
84.345779
95.638474
100.000000
95.638474
84.345779
73.277969
68.754936
73.277969
84.345779
95.638474
100.000000
95.638474
84.345779
73.277969
68.754936
73.277969
84.345779
95.638474
100.000000
95.638474
84.345779
73.277969
68.754936
73.277969
84.345779
95.638474
100.000000
97.239639
90.789970
90.403572
103.132401
129.430344
162.247375
189.675766
200.000000
189.675766
162.247375
129.430344
103.132401
90.403572
90.789970
97.239639
100.000000
95.638474
84.345779
73.277969
68.754936
73.277969
84.345779
95.638474
100.000000
95.638474
84.345779
73.277969
68.754936
73.277969
84.345779
95.638474
100.000000
95.638474
84.345779
73.277969
68.754936
73.277969
84.345779
95.638474
100.000000
95.638474
84.345779
73.277969
68.754936
73.277969
84.345779
95.638474
100.000000
95.638474
84.345779
73.277969
68.754936
73.277969
84.345779
95.638474
100.000000
95.638474
84.345779
73.277969
68.754936
73.277969
84.345779
95.638474
100.000000
95.638474
84.345779
73.277969
68.754936
73.277969
84.345779
95.638474
100.000000
95.638474
84.345779
73.277969
68.754936
73.277969
84.345779
95.638474
100.000000
95.638474
84.345779
73.277969
68.754936
73.277969
84.345779
95.638474
100.000000
95.638474
84.345779
73.277969
68.754936
73.277969
84.345779
95.638474
100.000000
95.638474
84.345779
73.277969
68.754936
73.277969
84.345779
95.638474
100.000000
95.638474
84.345779
73.277969
68.754936
73.277969
84.345779
95.638474
100.000000
95.638474
84.345779
73.277969
68.754936
73.277969
84.345779
95.638474
100.000000
95.638474
84.345779
73.277969
68.754936
73.277969
84.345779
95.638474
100.000000
95.638474
84.345779
73.277969
68.754936
73.277969
84.345779
95.638474
100.000000
95.638474
84.345779
73.277969
68.754936
73.277969
84.345779
95.638474
