100.000000
100.210258
100.237572
100.192200
100.165421
100.192200
100.237572
100.210258
100.000000
100.210258
100.237572
100.192200
100.165421
100.192200
100.237572
100.210258
100.000000
100.210258
100.237572
100.192200
100.165421
100.192200
100.237572
100.210258
100.000000
100.210258
100.237572
100.192200
100.165421
100.192200
100.237572
100.210258
100.000000
100.210258
100.237572
100.192200
100.165421
100.192200
100.237572
100.210258
100.000000
100.210258
100.237572
100.192200
100.165421
100.192200
100.237572
100.210258
100.000000
100.210258
100.237572
100.192200
100.165421
100.192200
100.237572
100.210258
100.000000
100.210258
100.237572
100.192200
100.165421
100.192200
100.237572
100.210258
100.000000
100.210258
100.237572
100.192200
100.165421
100.192200
100.237572
100.210258
100.000000
100.210258
100.237572
100.192200
100.165421
100.192200
100.237572
100.210258
100.000000
100.210258
100.237572
100.192200
100.165421
100.192200
100.237572
100.210258
100.000000
100.210258
100.237572
100.192200
100.165421
100.192200
100.237572
100.210258
100.000000
100.565887
101.020630
101.480728
101.968681
102.359818
102.385635
101.700493
100.000000
97.845703
94.823540
91.506294
88.706261
87.358719
88.370377
92.457237
100.000000
111.626198
126.204765
142.772278
159.904007
175.867584
188.858032
197.276291
200.000000
197.276291
188.858032
175.867584
159.904007
142.772278
126.204765
111.626198
100.000000
92.457237
88.370377
87.358719
88.706261
91.506294
94.823540
97.845703
100.000000
101.700493
102.385635
102.359818
101.968681
101.480728
101.020630
100.565887
100.000000
100.210258
100.237572
100.192200
100.165421
100.192200
100.237572
100.210258
100.000000
100.210258
100.237572
100.192200
100.165421
100.192200
100.237572
100.210258
100.000000
100.210258
100.237572
100.192200
100.165421
100.192200
100.237572
100.210258
100.000000
100.210258
100.237572
100.192200
100.165421
100.192200
100.237572
100.210258
100.000000
100.210258
100.237572
100.192200
100.165421
100.192200
100.237572
100.210258
100.000000
100.210258
100.237572
100.192200
100.165421
100.192200
100.237572
100.210258
100.000000
100.210258
100.237572
100.192200
100.165421
100.192200
100.237572
100.210258
100.000000
100.210258
100.237572
100.192200
100.165421
100.192200
100.237572
100.210258
100.000000
100.210258
100.237572
100.192200
100.165421
100.192200
100.237572
100.210258
100.000000
100.210258
100.237572
100.192200
100.165421
100.192200
100.237572
100.210258
100.000000
100.210258
100.237572
100.192200
100.165421
100.192200
100.237572
100.210258
100.000000
100.210258
100.237572
100.192200
100.165421
100.192200
100.237572
100.210258
100.000000
100.210258
100.237572
100.192200
100.165421
100.192200
100.237572
100.210258
100.000000
100.210258
100.237572
100.192200
100.165421
100.192200
100.237572
100.210258
