100.000000
99.904198
99.697151
99.505981
99.429855
99.505981
99.697151
99.904198
100.000000
99.904198
99.697151
99.505981
99.429855
99.505981
99.697151
99.904198
100.000000
99.904198
99.697151
99.505981
99.429855
99.505981
99.697151
99.904198
100.000000
99.904198
99.697151
99.505981
99.429855
99.505981
99.697151
99.904198
100.000000
99.904198
99.697151
99.505981
99.429855
99.505981
99.697151
99.904198
100.000000
99.904198
99.697151
99.505981
99.429855
99.505981
99.697151
99.904198
100.000000
99.904198
99.697151
99.505981
99.429855
99.505981
99.697151
99.904198
100.000000
99.904198
99.697151
99.505981
99.429855
99.505981
99.697151
99.904198
100.000000
99.904198
99.697151
99.505981
99.429855
99.505981
99.697151
99.904198
100.000000
99.904198
99.697151
99.505981
99.429855
99.505981
99.697151
99.904198
100.000000
99.904198
99.697151
99.505981
99.429855
99.505981
99.697151
99.904198
100.000000
99.904198
99.697151
99.505981
99.429855
99.505981
99.697151
99.904198
100.000000
100.087891
100.432747
101.065598
101.861565
102.536781
102.699265
101.947861
100.000000
96.847351
92.918022
88.962143
85.920364
84.779465
86.410049
91.412949
100.000000
111.957657
126.716133
143.270676
160.222565
175.927200
188.703857
197.075684
200.000000
197.075684
188.703857
175.927200
160.222565
143.270676
126.716133
111.957657
100.000000
91.412949
86.410049
84.779465
85.920364
88.962143
92.918022
96.847351
100.000000
101.947861
102.699265
102.536781
101.861565
101.065598
100.432747
100.087891
100.000000
99.904198
99.697151
99.505981
99.429855
99.505981
99.697151
99.904198
100.000000
99.904198
99.697151
99.505981
99.429855
99.505981
99.697151
99.904198
100.000000
99.904198
99.697151
99.505981
99.429855
99.505981
99.697151
99.904198
100.000000
99.904198
99.697151
99.505981
99.429855
99.505981
99.697151
99.904198
100.000000
99.904198
99.697151
99.505981
99.429855
99.505981
99.697151
99.904198
100.000000
99.904198
99.697151
99.505981
99.429855
99.505981
99.697151
99.904198
100.000000
99.904198
99.697151
99.505981
99.429855
99.505981
99.697151
99.904198
100.000000
99.904198
99.697151
99.505981
99.429855
99.505981
99.697151
99.904198
100.000000
99.904198
99.697151
99.505981
99.429855
99.505981
99.697151
99.904198
100.000000
99.904198
99.697151
99.505981
99.429855
99.505981
99.697151
99.904198
100.000000
99.904198
99.697151
99.505981
99.429855
99.505981
99.697151
99.904198
100.000000
99.904198
99.697151
99.505981
99.429855
99.505981
99.697151
99.904198
100.000000
99.904198
99.697151
99.505981
99.429855
99.505981
99.697151
99.904198
100.000000
99.904198
99.697151
99.505981
99.429855
99.505981
99.697151
99.904198
