100.000000
99.879341
99.618019
99.376343
99.280022
99.376343
99.618019
99.879341
100.000000
99.879341
99.618019
99.376343
99.280022
99.376343
99.618019
99.879341
100.000000
99.879341
99.618019
99.376343
99.280022
99.376343
99.618019
99.879341
100.000000
99.879341
99.618019
99.376343
99.280022
99.376343
99.618019
99.879341
100.000000
99.879341
99.618019
99.376343
99.280022
99.376343
99.618019
99.879341
100.000000
99.879341
99.618019
99.376343
99.280022
99.376343
99.618019
99.879341
100.000000
99.879341
99.618019
99.376343
99.280022
99.376343
99.618019
99.879341
100.000000
99.879341
99.618019
99.376343
99.280022
99.376343
99.618019
99.879341
100.000000
99.879341
99.618019
99.376343
99.280022
99.376343
99.618019
99.879341
100.000000
99.879341
99.618019
99.376343
99.280022
99.376343
99.618019
99.879341
100.000000
99.879341
99.618019
99.376343
99.280022
99.376343
99.618019
99.879341
100.000000
99.879341
99.618019
99.376343
99.280022
99.376343
99.618019
99.879341
100.000000
99.897469
99.757462
99.802734
100.132935
100.655724
101.083000
101.000694
100.000000
97.874100
94.851608
91.508804
88.669693
87.286697
88.284668
92.393684
100.000000
111.077415
125.233620
141.567490
158.677460
174.812943
188.115768
196.912033
200.000000
196.912033
188.115768
174.812943
158.677460
141.567490
125.233620
111.077415
100.000000
92.393684
88.284668
87.286697
88.669693
91.508804
94.851608
97.874100
100.000000
101.000694
101.083000
100.655724
100.132935
99.802734
99.757462
99.897469
100.000000
99.879341
99.618019
99.376343
99.280022
99.376343
99.618019
99.879341
100.000000
99.879341
99.618019
99.376343
99.280022
99.376343
99.618019
99.879341
100.000000
99.879341
99.618019
99.376343
99.280022
99.376343
99.618019
99.879341
100.000000
99.879341
99.618019
99.376343
99.280022
99.376343
99.618019
99.879341
100.000000
99.879341
99.618019
99.376343
99.280022
99.376343
99.618019
99.879341
100.000000
99.879341
99.618019
99.376343
99.280022
99.376343
99.618019
99.879341
100.000000
99.879341
99.618019
99.376343
99.280022
99.376343
99.618019
99.879341
100.000000
99.879341
99.618019
99.376343
99.280022
99.376343
99.618019
99.879341
100.000000
99.879341
99.618019
99.376343
99.280022
99.376343
99.618019
99.879341
100.000000
99.879341
99.618019
99.376343
99.280022
99.376343
99.618019
99.879341
100.000000
99.879341
99.618019
99.376343
99.280022
99.376343
99.618019
99.879341
100.000000
99.879341
99.618019
99.376343
99.280022
99.376343
99.618019
99.879341
100.000000
99.879341
99.618019
99.376343
99.280022
99.376343
99.618019
99.879341
100.000000
99.879341
99.618019
99.376343
99.280022
99.376343
99.618019
99.879341
