100.000000
94.270432
81.241745
68.739174
63.661976
68.739174
81.241745
94.270432
100.000000
94.270432
81.241745
68.739174
63.661976
68.739174
81.241745
94.270432
100.000000
94.270432
81.241745
68.739174
63.661976
68.739174
81.241745
94.270432
100.000000
94.270432
81.241745
68.739174
63.661976
68.739174
81.241745
94.270432
100.000000
94.270432
81.241745
68.739174
63.661976
68.739174
81.241745
94.270432
100.000000
94.270432
81.241745
68.739174
63.661976
68.739174
81.241745
94.270432
100.000000
94.270432
81.241745
68.739174
63.661976
68.739174
81.241745
94.270432
100.000000
94.270432
81.241745
68.739174
63.661976
68.739174
81.241745
94.270432
100.000000
94.270432
81.241745
68.739174
63.661976
68.739174
81.241745
94.270432
100.000000
94.270432
81.241745
68.739174
63.661976
68.739174
81.241745
94.270432
100.000000
94.270432
81.241745
68.739174
63.661976
68.739174
81.241745
94.270432
100.000000
94.270432
81.241745
68.739174
63.661976
68.739174
81.241745
94.270432
100.000000
94.270432
81.241745
68.739174
63.661976
68.739174
81.241745
94.270432
100.000000
94.270432
81.241745
68.739174
63.661976
68.739174
81.241745
94.270432
100.000000
94.800285
85.636688
83.262405
95.492966
122.955109
158.088547
188.011017
200.000000
188.011017
158.088547
122.955109
95.492966
83.262405
85.636688
94.800285
100.000000
94.270432
81.241745
68.739174
63.661976
68.739174
81.241745
94.270432
100.000000
94.270432
81.241745
68.739174
63.661976
68.739174
81.241745
94.270432
100.000000
94.270432
81.241745
68.739174
63.661976
68.739174
81.241745
94.270432
100.000000
94.270432
81.241745
68.739174
63.661976
68.739174
81.241745
94.270432
100.000000
94.270432
81.241745
68.739174
63.661976
68.739174
81.241745
94.270432
100.000000
94.270432
81.241745
68.739174
63.661976
68.739174
81.241745
94.270432
100.000000
94.270432
81.241745
68.739174
63.661976
68.739174
81.241745
94.270432
100.000000
94.270432
81.241745
68.739174
63.661976
68.739174
81.241745
94.270432
100.000000
94.270432
81.241745
68.739174
63.661976
68.739174
81.241745
94.270432
100.000000
94.270432
81.241745
68.739174
63.661976
68.739174
81.241745
94.270432
100.000000
94.270432
81.241745
68.739174
63.661976
68.739174
81.241745
94.270432
100.000000
94.270432
81.241745
68.739174
63.661976
68.739174
81.241745
94.270432
100.000000
94.270432
81.241745
68.739174
63.661976
68.739174
81.241745
94.270432
100.000000
94.270432
81.241745
68.739174
63.661976
68.739174
81.241745
94.270432
100.000000
94.270432
81.241745
68.739174
63.661976
68.739174
81.241745
94.270432
100.000000
94.270432
81.241745
68.739174
63.661976
68.739174
81.241745
94.270432
