100.000000
96.902161
90.063271
83.638710
81.056946
83.638710
90.063271
96.902161
100.000000
96.902161
90.063271
83.638710
81.056946
83.638710
90.063271
96.902161
100.000000
96.902161
90.063271
83.638710
81.056946
83.638710
90.063271
96.902161
100.000000
96.902161
90.063271
83.638710
81.056946
83.638710
90.063271
96.902161
100.000000
96.902161
90.063271
83.638710
81.056946
83.638710
90.063271
96.902161
100.000000
96.902161
90.063271
83.638710
81.056946
83.638710
90.063271
96.902161
100.000000
96.902161
90.063271
83.638710
81.056946
83.638710
90.063271
96.902161
100.000000
96.902161
90.063271
83.638710
81.056946
83.638710
90.063271
96.902161
100.000000
96.902161
90.063271
83.638710
81.056946
83.638710
90.063271
96.902161
100.000000
96.902161
90.063271
83.638710
81.056946
83.638710
90.063271
96.902161
100.000000
96.902161
90.063271
83.638710
81.056946
83.638710
90.063271
96.902161
100.000000
96.902161
90.063271
83.638710
81.056946
83.638710
90.063271
96.902161
100.000000
96.902161
90.063271
83.638710
81.056946
83.638710
90.063271
96.902161
100.000000
96.902161
90.063271
83.638710
81.056946
83.638710
90.063271
96.902161
100.000000
98.840210
99.069603
105.778366
121.585419
145.137756
171.120224
191.866287
200.000000
191.866287
171.120224
145.137756
121.585419
105.778366
99.069603
98.840210
100.000000
96.902161
90.063271
83.638710
81.056946
83.638710
90.063271
96.902161
100.000000
96.902161
90.063271
83.638710
81.056946
83.638710
90.063271
96.902161
100.000000
96.902161
90.063271
83.638710
81.056946
83.638710
90.063271
96.902161
100.000000
96.902161
90.063271
83.638710
81.056946
83.638710
90.063271
96.902161
100.000000
96.902161
90.063271
83.638710
81.056946
83.638710
90.063271
96.902161
100.000000
96.902161
90.063271
83.638710
81.056946
83.638710
90.063271
96.902161
100.000000
96.902161
90.063271
83.638710
81.056946
83.638710
90.063271
96.902161
100.000000
96.902161
90.063271
83.638710
81.056946
83.638710
90.063271
96.902161
100.000000
96.902161
90.063271
83.638710
81.056946
83.638710
90.063271
96.902161
100.000000
96.902161
90.063271
83.638710
81.056946
83.638710
90.063271
96.902161
100.000000
96.902161
90.063271
83.638710
81.056946
83.638710
90.063271
96.902161
100.000000
96.902161
90.063271
83.638710
81.056946
83.638710
90.063271
96.902161
100.000000
96.902161
90.063271
83.638710
81.056946
83.638710
90.063271
96.902161
100.000000
96.902161
90.063271
83.638710
81.056946
83.638710
90.063271
96.902161
100.000000
96.902161
90.063271
83.638710
81.056946
83.638710
90.063271
96.902161
100.000000
96.902161
90.063271
83.638710
81.056946
83.638710
90.063271
96.902161
