2 512
180 0
153 0
80 0
144 0
197 0
132 0
142 0
192 0
136 0
188 0
174 0
172 0
185 0
184 0
198 0
57 0
139 0
181 0
91 0
87 0
87 0
58 0
84 0
98 0
171 0
130 0
78 0
62 0
136 0
120 0
150 0
177 0
145 0
51 0
54 0
92 0
135 0
89 0
79 0
29 0
67 0
69 0
91 0
149 0
133 0
117 0
71 0
138 0
203 0
107 0
73 0
107 0
56 0
87 0
115 0
76 0
69 0
133 0
110 0
71 0
48 0
151 0
187 0
66 0
72 0
137 0
144 0
93 0
66 0
52 0
185 0
85 0
60 0
68 0
159 0
168 0
50 0
117 0
101 0
118 0
139 0
123 0
64 0
110 0
102 0
95 0
192 0
187 0
154 0
96 0
180 0
155 0
96 0
170 0
212 0
113 0
176 0
131 0
148 0
137 0
192 0
141 0
122 0
173 0
70 0
65 0
116 0
124 0
134 0
117 0
67 0
117 0
216 0
128 0
75 0
67 0
40 0
41 0
86 0
75 0
112 0
92 0
181 0
203 0
136 0
58 0
39 0
50 0
47 0
130 0
124 0
93 0
99 0
118 0
151 0
87 0
113 0
161 0
100 0
146 0
157 0
149 0
131 0
102 0
123 0
160 0
141 0
151 0
149 0
125 0
126 0
64 0
113 0
167 0
170 0
136 0
174 0
189 0
121 0
217 0
135 0
165 0
134 0
176 0
122 0
154 0
189 0
162 0
126 0
64 0
75 0
115 0
178 0
91 0
149 0
195 0
171 0
111 0
143 0
163 0
152 0
178 0
53 0
58 0
88 0
101 0
70 0
70 0
72 0
102 0
93 0
42 0
123 0
71 0
94 0
137 0
154 0
95 0
129 0
101 0
72 0
74 0
70 0
116 0
141 0
128 0
121 0
86 0
120 0
155 0
131 0
151 0
193 0
152 0
186 0
75 0
73 0
94 0
76 0
135 0
161 0
59 0
56 0
57 0
133 0
179 0
139 0
53 0
81 0
150 0
180 0
189 0
183 0
189 0
151 0
135 0
136 0
174 0
168 0
162 0
166 0
130 0
105 0
121 0
164 0
156 0
87 0
85 0
63 0
65 0
105 0
149 0
168 0
183 0
195 0
189 0
130 0
155 0
185 0
119 0
80 0
109 0
63 0
59 0
176 0
162 0
123 0
164 0
166 0
156 0
193 0
174 0
89 0
127 0
121 0
182 0
61 0
116 0
156 0
75 0
76 0
154 0
163 0
161 0
156 0
78 0
102 0
115 0
167 0
37 0
70 0
101 0
61 0
96 0
137 0
146 0
138 0
79 0
92 0
161 0
182 0
149 0
64 0
92 0
69 0
157 0
175 0
148 0
200 0
167 0
86 0
122 0
85 0
132 0
81 0
81 0
155 0
180 0
222 0
180 0
181 0
151 0
149 0
185 0
154 0
134 0
158 0
134 0
150 0
194 0
187 0
65 0
59 0
84 0
154 0
151 0
145 0
62 0
71 0
193 0
157 0
88 0
114 0
168 0
214 0
186 0
163 0
131 0
199 0
171 0
114 0
207 0
174 0
103 0
101 0
127 0
190 0
195 0
158 0
144 0
179 0
122 0
134 0
89 0
164 0
133 0
148 0
86 0
90 0
134 0
145 0
140 0
83 0
91 0
113 0
76 0
120 0
182 0
146 0
77 0
130 0
173 0
117 0
178 0
104 0
135 0
176 0
134 0
81 0
70 0
64 0
85 0
170 0
117 0
67 0
143 0
176 0
138 0
127 0
167 0
128 0
89 0
140 0
136 0
166 0
169 0
160 0
116 0
126 0
49 0
109 0
171 0
113 0
77 0
81 0
99 0
129 0
125 0
212 0
201 0
95 0
136 0
179 0
185 0
174 0
180 0
181 0
182 0
103 0
166 0
164 0
204 0
197 0
121 0
88 0
122 0
157 0
71 0
118 0
190 0
179 0
166 0
127 0
170 0
91 0
167 0
180 0
120 0
77 0
132 0
151 0
145 0
98 0
67 0
134 0
180 0
135 0
115 0
58 0
77 0
117 0
100 0
96 0
105 0
190 0
190 0
156 0
192 0
129 0
188 0
206 0
192 0
94 0
197 0
182 0
163 0
150 0
120 0
192 0
210 0
227 0
191 0
140 0
138 0
153 0
150 0
68 0
104 0
73 0
158 0
199 0
220 0
174 0
189 0
163 0
124 0
98 0
119 0
126 0
113 0
161 0
196 0
179 0
117 0
126 0
192 0
184 0
190 0
132 0
131 0
170 0
131 0