2 256
1.000000 0
0.995185 0
0.980785 0
0.956940 0
0.923880 0
0.881921 0
0.831470 0
0.773010 0
0.707107 0
0.634393 0
0.555570 0
0.471397 0
0.382683 0
0.290285 0
0.195090 0
0.098017 0
-0.000000 0
-0.098017 0
-0.195090 0
-0.290285 0
-0.382683 0
-0.471397 0
-0.555570 0
-0.634393 0
-0.707107 0
-0.773010 0
-0.831470 0
-0.881921 0
-0.923880 0
-0.956940 0
-0.980785 0
-0.995185 0
-1.000000 0
-0.995185 0
-0.980785 0
-0.956940 0
-0.923880 0
-0.881921 0
-0.831470 0
-0.773010 0
-0.707107 0
-0.634393 0
-0.555570 0
-0.471397 0
-0.382683 0
-0.290285 0
-0.195090 0
-0.098017 0
0.000000 0
0.098017 0
0.195090 0
0.290285 0
0.382684 0
0.471397 0
0.555570 0
0.634393 0
0.707107 0
0.773011 0
0.831470 0
0.881921 0
0.923880 0
0.956940 0
0.980785 0
0.995185 0
1.000000 0
0.995185 0
0.980785 0
0.956940 0
0.923879 0
0.881921 0
0.831470 0
0.773010 0
0.707107 0
0.634393 0
0.555570 0
0.471397 0
0.382683 0
0.290285 0
0.195090 0
0.098017 0
-0.000000 0
-0.098017 0
-0.195090 0
-0.290285 0
-0.382684 0
-0.471397 0
-0.555570 0
-0.634393 0
-0.707107 0
-0.773011 0
-0.831470 0
-0.881921 0
-0.923880 0
-0.956940 0
-0.980785 0
-0.995185 0
-1.000000 0
-0.995185 0
-0.980785 0
-0.956940 0
-0.923879 0
-0.881921 0
-0.831470 0
-0.773010 0
-0.707107 0
-0.634393 0
-0.555570 0
-0.471397 0
-0.382683 0
-0.290285 0
-0.195090 0
-0.098017 0
0.000000 0
0.098017 0
0.195090 0
0.290285 0
0.382684 0
0.471397 0
0.555570 0
0.634393 0
0.707107 0
1.773011 0
1.831470 0
1.881921 0
1.923880 0
1.956940 0
1.980785 0
1.995185 0
2.000000 0
1.995185 0
1.980785 0
1.956940 0
1.923879 0
1.881921 0
1.831470 0
1.773010 0
1.707107 0
0.634393 0
0.555570 0
0.471397 0
0.382683 0
0.290284 0
0.195090 0
0.098017 0
-0.000000 0
-0.098017 0
-0.195091 0
-0.290285 0
-0.382684 0
-0.471397 0
-0.555570 0
-0.634393 0
-0.707107 0
-0.773011 0
-0.831470 0
-0.881921 0
-0.923880 0
-0.956940 0
-0.980785 0
-0.995185 0
-1.000000 0
-0.995185 0
-0.980785 0
-0.956940 0
-0.923879 0
-0.881921 0
-0.831469 0
-0.773010 0
-0.707107 0
-0.634393 0
-0.555570 0
-0.471397 0
-0.382683 0
-0.290284 0
-0.195090 0
-0.098017 0
0.000000 0
0.098017 0
0.195091 0
0.290285 0
0.382684 0
0.471397 0
0.555570 0
0.634393 0
0.707107 0
0.773011 0
0.831470 0
0.881921 0
0.923880 0
0.956940 0
0.980785 0
0.995185 0
1.000000 0
0.995185 0
0.980785 0
0.956940 0
0.923879 0
0.881921 0
0.831469 0
0.773010 0
0.707107 0
0.634393 0
0.555570 0
0.471396 0
0.382683 0
0.290284 0
0.195090 0
0.098017 0
-0.000000 0
-0.098017 0
-0.195091 0
-0.290285 0
-0.382684 0
-0.471397 0
-0.555570 0
-0.634394 0
-0.707107 0
-0.773011 0
-0.831470 0
-0.881921 0
-0.923880 0
-0.956940 0
-0.980785 0
-0.995185 0
-1.000000 0
-0.995185 0
-0.980785 0
-0.956940 0
-0.923879 0
-0.881921 0
-0.831469 0
-0.773010 0
-0.707107 0
-0.634393 0
-0.555570 0
-0.471396 0
-0.382683 0
-0.290284 0
-0.195090 0
-0.098017 0
0.000000 0
0.098017 0
0.195091 0
0.290285 0
0.382684 0
0.471397 0
0.555571 0
0.634394 0
0.707107 0
0.773011 0
0.831470 0
0.881921 0
0.923880 0
0.956940 0
0.980785 0
0.995185 0
